  0.310264   0.198536
  0.486767   0.122983
  0.540513   0.100858
   0.59245  0.0742194
  0.632924  0.0642327
  0.668944  0.0553654
  0.697078   0.050919
  0.723263  0.0463643
  0.744997   0.043886
    0.7652  0.0418805
  0.785041  0.0395748
  0.801782  0.0382187
  0.817305  0.0365075
  0.829794  0.0354174
  0.841565  0.0340746
  0.851424  0.0332182
   0.86172  0.0324855
  0.872413  0.0316069
  0.881097  0.0310243
  0.888967  0.0302295
  0.895541  0.0297044
  0.902228  0.0290387
  0.908412  0.0286138
  0.913924  0.0280412
   0.91886  0.0276642
  0.923354  0.0272957
  0.928091  0.0268379
  0.932023  0.0265251
  0.936128  0.0261243
    0.9402  0.0258705
  0.944859  0.0255392
  0.902228  0.0290387
  0.911235  0.0283213
   0.91886  0.0276642
  0.925827  0.0270647
  0.932023  0.0265251
  0.937812  0.0260408
  0.944859  0.0255392
  0.950833   0.025163
  0.955528  0.0248005
  0.959395   0.024452
  0.962954  0.0241253
  0.966089  0.0238199
  0.969146  0.0234704
  0.972916  0.0231745
  0.975335  0.0228782
  0.977561  0.0226604
  0.980003  0.0224655
  0.981461   0.022263
  0.982548  0.0220711
  0.983615   0.021896
  0.984298  0.0217608
  0.986393  0.0215321
   0.98784  0.0212843
  0.989205  0.0210642
