  0.175644   0.235666
  0.255828   0.180534
  0.294135   0.139458
  0.318932   0.126774
  0.351802    0.11454
  0.384024  0.0973481
  0.420267  0.0870953
  0.458831  0.0808997
  0.485271  0.0786609
   0.51501  0.0736815
  0.536421  0.0688773
  0.549501  0.0666736
  0.570439  0.0629691
  0.584452  0.0595909
  0.597469   0.056757
  0.607629  0.0558156
  0.622465  0.0540664
  0.635303  0.0522218
  0.644563   0.051457
  0.653487  0.0497314
  0.662445  0.0481855
  0.672485  0.0468887
  0.679085  0.0463293
  0.686638  0.0451013
  0.692775  0.0439438
  0.696272  0.0433856
  0.699789  0.0422158
  0.703195  0.0411285
  0.706049  0.0401016
  0.708048  0.0396278
  0.710634  0.0387097
  0.713446  0.0378808
  0.719696  0.0379284
  0.730029  0.0379019
  0.737736  0.0376251
   0.74129  0.0369959
  0.743577    0.03671
   0.74745  0.0361786
  0.752178  0.0357682
  0.756464  0.0353508
  0.760064   0.035247
  0.764892  0.0348589
  0.770854  0.0342764
  0.778386   0.033548
   0.78429  0.0330556
  0.792132   0.032463
  0.800804  0.0321972
  0.810037  0.0317548
   0.81882  0.0314837
  0.835207  0.0315537
  0.852725  0.0314035
  0.866008  0.0313488
   0.87949  0.0311718
  0.885986  0.0309285
  0.893161  0.0306022
   0.89873  0.0304255
  0.904812  0.0301226
  0.909871   0.029938
  0.914464  0.0297459
  0.918516  0.0294028
  0.921378  0.0291766
  0.925623  0.0289153
  0.929365  0.0287638
  0.934981  0.0285826
  0.941297  0.0285569
  0.944732  0.0284183
  0.947949  0.0281793
  0.950867  0.0280386
  0.953731   0.027825
  0.955821  0.0276972
  0.957612  0.0274826
