  0.377179   0.112827
  0.768565   0.108624
  0.831676  0.0850361
  0.858329  0.0775278
  0.890545  0.0700406
  0.921986  0.0607172
  0.941502  0.0542779
  0.954071   0.049457
   0.96541  0.0475742
  0.973993  0.0442506
  0.978594  0.0414758
  0.982901  0.0403185
  0.988998   0.036595
  0.997222  0.0347261
  0.999379  0.0325243
  0.999689  0.0311269
  0.999896  0.0296219
         1  0.0286609
         1  0.0278351
         1  0.0269205
         1  0.0263073
         1  0.0256237
         1  0.0251617
         1  0.0246617
         1  0.0243187
         1  0.0239385
