  0.285551   0.133369
  0.673338   0.138845
  0.756947   0.107073
  0.788534  0.0963246
  0.820057  0.0857572
  0.842082  0.0721899
  0.860185  0.0641479
  0.878918  0.0589162
  0.890911  0.0568721
  0.903267  0.0533792
  0.910717  0.0503623
  0.916618  0.0490729
  0.922278  0.0467519
  0.927674  0.0447591
  0.932326  0.0430114
  0.935951  0.0422273
  0.941333  0.0408579
   0.94604  0.0396181
  0.950279  0.0391047
  0.954376  0.0380188
  0.958614  0.0370447
  0.962801  0.0361578
  0.964809  0.0356953
  0.966714  0.0348135
  0.970943  0.0341133
  0.973848   0.033787
  0.977193  0.0331288
  0.978975  0.0324654
  0.980789  0.0318489
  0.982345  0.0315578
  0.984986  0.0310374
  0.916618  0.0490729
  0.927674  0.0447591
  0.935951  0.0422273
   0.94604  0.0396181
  0.954376  0.0380188
  0.962801  0.0361578
  0.966714  0.0348135
  0.973848   0.033787
  0.978975  0.0324654
  0.982345  0.0315578
  0.986694  0.0305193
  0.989749  0.0298019
  0.993787  0.0289749
  0.996376  0.0284001
  0.998033  0.0276742
